Level 1



00 00 00 00 00 00 00 00 00 00

00 00 00 00 00 00 00 00 00 00

00 00 00 00 00 00 00 00 00 00

00 00 00 00 00 00 00 00 00 00

f5 17 40

   

-Last 3 bytes are address of touch1 (must port through the hex2raw)




Level 2



48 c7 c7 0e 66 21 5d 68 21 18

40 00 c3 00 00 00 00 00 00 00

00 00 00 00 00 00 00 00 00 00

00 00 00 00 00 00 00 00 00 00

88 92 60 55 

   





Level 3



48 c7 c7 b8 92 60 55 68 32 19

40 00 c3 00 00 00 00 00 00 00

00 00 00 00 00 00 00 00 00 00

00 00 00 00 00 00 00 00 00 00

88 92 60 55 00 00 00 00 35 64

32 31 36 36 30 65 00




Level 4



00 00 00 00 00 00 00 00

00 00 00 00 00 00 00 00

00 00 00 00 00 00 00 00

00 00 00 00 00 00 00 00

00 00 00 00 00 00 00 00

ed 19 40 00 00 00 00 00

0e 66 21 5d 00 00 00 00

d2 19 40 00 00 00 00 00

21 18 40 00 00 00 00 00

